%YAML:1.0
image_width: 1080
image_height: 1080
M1: !!opencv-matrix
   rows: 3
   cols: 3
   dt: d
   data: [ 1.2191431134020756e+003, 0., 7.5933511261647050e+002, 0.,
       1.2180839178503386e+003, 3.1829207987079349e+002, 0., 0., 1. ]
D1: !!opencv-matrix
   rows: 1
   cols: 8
   dt: d
   data: [ -3.2138797551725923e-001, 1.0078279086043801e-001,
       9.0081410225637763e-003, 4.3497720990873043e-005,
       1.0356786027444677e-001, 0., 0., 0. ]
M2: !!opencv-matrix
   rows: 3
   cols: 3
   dt: d
   data: [ 1.2097979782132668e+003, 0., 6.4855531151889716e+002, 0.,
       1.2098631571347744e+003, 3.3481664573870813e+002, 0., 0., 1. ]
D2: !!opencv-matrix
   rows: 1
   cols: 8
   dt: d
   data: [ -3.4922164352948282e-001, 1.4593938144717314e-001,
       1.1700786349923709e-002, -4.7309101346381570e-003,
       6.8546582610309848e-004, 0., 0., 0. ]
