%YAML:1.0
image_width: 1080
image_height: 1080
M1: !!opencv-matrix
   rows: 3
   cols: 3
   dt: d
   data: [ 1.0974540009766440e+003, 0., 5.1149185536710212e+002, 0.,
       1.1008674730025327e+003, 3.8524801325897096e+002, 0., 0., 1. ]
D1: !!opencv-matrix
   rows: 1
   cols: 8
   dt: d
   data: [ -3.2408690809152602e-001, 1.0534154679121445e-001,
       2.7289332948216001e-003, 3.1115773287199995e-003,
       1.5406532886955780e-002, 0., 0., 0. ]
M2: !!opencv-matrix
   rows: 3
   cols: 3
   dt: d
   data: [ 1.0983389680323962e+003, 0., 5.1918296242047165e+002, 0.,
       1.1048143286869185e+003, 3.7093821263838129e+002, 0., 0., 1. ]
D2: !!opencv-matrix
   rows: 1
   cols: 8
   dt: d
   data: [ -3.0118425075980931e-001, 2.7326944486358560e-002,
       7.4747681876543583e-004, 2.2976462387141478e-003,
       1.1084728627408566e-001, 0., 0., 0. ]
