%YAML:1.0
R: !!opencv-matrix
   rows: 3
   cols: 3
   dt: d
   data: [ 9.9979645528325911e-001, 8.5960674991530633e-003,
       1.8252551234828898e-002, -8.8844846596588065e-003,
       9.9983602130065852e-001, 1.5779621098153878e-002,
       -1.8113915517146945e-002, -1.5938573751092661e-002,
       9.9970888159074522e-001 ]
T: !!opencv-matrix
   rows: 3
   cols: 1
   dt: d
   data: [ -6.5546917598579313e+001, -1.0319023720927578e+000,
       -1.2625781128489713e+001 ]
R1: !!opencv-matrix
   rows: 3
   cols: 3
   dt: d
   data: [ 9.7806892723026040e-001, 2.0879953609635151e-002,
       2.0723223958618808e-001, -2.2596810420070071e-002,
       9.9972712687177523e-001, 5.9208070011555359e-003,
       -2.0705206530118744e-001, -1.0473744982813228e-002,
       9.7827385885576446e-001 ]
R2: !!opencv-matrix
   rows: 3
   cols: 3
   dt: d
   data: [ 9.8183184902867648e-001, 1.5456937581926343e-002,
       1.8912245586793366e-001, -1.3890419262230664e-002,
       9.9985738202442220e-001, -9.6058244824658162e-003,
       -1.8924396023558990e-001, 6.8043142091560420e-003,
       9.8190652550153357e-001 ]
P1: !!opencv-matrix
   rows: 3
   cols: 4
   dt: d
   data: [ 1.0415250593049991e+003, 0., 4.4238801193237305e+002, 0., 0.,
       1.0415250593049991e+003, 3.2542744445800781e+002, 0., 0., 0., 1.,
       0. ]
P2: !!opencv-matrix
   rows: 3
   cols: 4
   dt: d
   data: [ 1.0415250593049991e+003, 0., 4.4238801193237305e+002,
       -6.9532025577147753e+004, 0., 1.0415250593049991e+003,
       3.2542744445800781e+002, 0., 0., 0., 1., 0. ]
Q: !!opencv-matrix
   rows: 4
   cols: 4
   dt: d
   data: [ 1., 0., 0., -4.4238801193237305e+002, 0., 1., 0.,
       -3.2542744445800781e+002, 0., 0., 0., 1.0415250593049991e+003, 0.,
       0., 1.4979069725926475e-002, 0. ]
